Delta: -0.6879825114606862, -0.6867108256347596, -0.6893586278294226, -0.6778598542938664, -0.6236944572790881, -0.5998000388589506, -0.5928589464616948, -0.5904091094847219, -0.5890015212716437, -0.6043573780123193, -0.49450306598527827, -0.4944573247885181, -0.49435566868745523, -0.4957301569224172, -0.5031637291181439, -0.38719102287184815, -0.3910276986971342, -0.3914219665635925, -0.3940941363393238, -0.3941611069355913, -0.28592355026401556, -0.2853071325601193, -0.28612846914843837, -0.29317935234093595, -0.29585046129946185
Kappa: 1.4832160677740247, 1.5851700461326663, 1.6882490289407905, 1.7879967255452527, 1.8938784566972973, 1.488931067716673, 1.5869556364723574, 1.690533426740567, 1.792327414843163, 1.9035232616299889, 1.4796503495503972, 1.583793738041465, 1.6890441018212825, 1.7962524919216993, 1.9052896106703554, 1.4755162450763852, 1.5836906054444808, 1.6844913674270496, 1.7852839455472138, 1.8872015837565328, 1.4812496399624608, 1.5844826365078566, 1.6838847028368193, 1.7900033196782177, 1.887514852964647
Area (m^2): 0.28021838200403615, 0.30181260685282, 0.32239924499803374, 0.34069892054555734, 0.35787475894783966, 0.2717542745998025, 0.29212088369775346, 0.3118184126797224, 0.329904860680237, 0.3467299201805892, 0.26736411789906334, 0.2881752954138011, 0.3074585592947936, 0.3254599455978615, 0.34220058576493595, 0.2646486867443928, 0.28527531014799573, 0.3048742588314551, 0.32301520122121063, 0.33988018481218363, 0.26307128483133435, 0.2832105482444871, 0.30205191323778335, 0.32167036458488635, 0.33962221180974456